1	89
2	93
3	140
4	160
5	183
6	204
7	320
8	361
9	460
10	489
11	543
12	582
13	606
14	645
15	671
16	679
17	695
18	782
19	911
20	985
21	1204
22	1230
23	1277
24	1280
25	1362
26	1530
27	1569
28	1571
29	1574
30	1584
31	1624
32	1820
33	1973
34	1976
35	1986
36	2019
37	2090
38	2109
39	2125
40	2132
41	2167
42	2183
43	2224
44	2321
45	2388
46	2401
47	2518
48	2599
49	2622
50	2642
51	2644
52	2654
53	2679
54	2845
55	2852
56	2882
57	2931
58	2959
59	2971
60	3065
61	3305
62	3324
63	3340
64	3476
65	3523
66	3534
67	3559
68	3562
69	3625
70	3645
71	3674
72	3737
73	3838
74	3862
75	4067
76	4189
77	4213
78	4309
79	4407
80	4502
81	4511
82	4566
83	4624
84	4636
85	4641
86	4652
87	4665
88	4672
89	4677
90	4685
91	4695
92	4750
93	4788
94	4823
95	4853
96	4856
97	4918
98	4950
99	4964
